1.1293 40 60 s 
1.1415 40 60 s 
1.1332 40 60 s 
1.1472 40 60 s 
1.1448 40 60 s 
1.1472 40 60 s 
1.145 40 60 s 
1.1566 50 70 s
1.1464 50 70 s 
1.144 50 70 s 
1.1796 50 70 s 
1.1479 50 70 s 
1.1464 50 70 s 
1.1513 50 70 s 
1.1698 60 80 s 
1.1621 60 80 s 
1.1671 60 80 s 
1.1448 60 80 s 
1.6762 60 80 s 
1.17 60 80 s 
1.1719 60 80 s 
1.1793 70 90 s 
1.1664 70 90 s 
1.176 70 90 s 
1.1782 70 90 s 
1.1812 70 90 s 
1.186 70 90 s 
1.1819 70 90 s 
1.207 80 100 s 
1.21 80 100 s 
1.1758 80 100 s 
1.1698 80 100 s 
1.189 80 100 s 
1.1564 80 100 s 
1.1557 80 100 s 
1.1931 90 110 s 
1.1862 90 110 s 
1.1814 90 110 s 
1.2216 90 110 s 
1.2096 90 110 s 
1.1588 90 110 s 
1.179 90 110 s 
1.6566 40 60 n 
1.7003 40 60 n 
1.6704 40 60 n 
1.6384 40 60 n 
1.6661 40 60 n 
1.6612 40 60 n 
1.6422 40 60 n 
1.6622 50 70 n 
1.6825 50 70 n 
1.677 50 70 n 
1.6738 50 70 n 
1.6821 50 70 n 
1.6578 50 70 n 
1.6722 50 70 n 
1.6416 60 80 n 
1.68 60 80 n 
1.6824 60 80 n 
1.6662 60 80 n 
1.6288 60 80 n 
1.6504 60 80 n 
1.6716 60 80 n 
1.6565 70 90 n 
1.6607 70 90 n 
1.6546 70 90 n 
1.6818 70 90 n 
1.6838 70 90 n 
1.6615 70 90 n 
1.6703 70 90 n 
1.6661 80 100 n 
1.678 80 100 n 
1.6638 80 100 n 
1.6636 80 100 n 
1.6868 80 100 n 
1.7223 80 100 n 
1.6606 80 100 n 
1.7271 90 110 n 
1.6384 90 110 n 
1.6841 90 110 n 
1.6778 90 110 n 
1.6954 90 110 n 
1.6622 90 110 n 
1.7344 90 110 n 
1.4946 40 60 c 
1.4686 40 60 c 
1.4786 40 60 c 
1.491 40 60 c 
1.4908 40 60 c 
1.5348 40 60 c 
1.508 40 60 c 
1.5144 50 70 c 
1.531 50 70 c 
1.5226 50 70 c 
1.501 50 70 c 
1.5296 50 70 c 
1.4967 50 70 c 
1.5516 50 70 c 
1.5303 60 80 c 
1.5586 60 80 c 
1.4972 60 80 c 
1.5145 60 80 c 
1.5275 60 80 c 
1.5313 60 80 c 
1.5337 60 80 c 
1.5948 70 90 c 
1.5887 70 90 c 
1.5336 70 90 c 
1.5824 70 90 c 
1.5679 70 90 c 
1.5902 70 90 c 
1.551 70 90 c 
1.6652 80 100 c 
1.6872 80 100 c 
1.6448 80 100 c 
1.6396 80 100 c 
1.6752 80 100 c 
1.6272 80 100 c 
1.6992 80 100 c 
1.6878 90 110 c 
1.6382 90 110 c 
1.621 90 110 c 
1.6825 90 110 c 
1.6954 90 110 c 
1.6782 90 110 c 
1.6534 90 110 c 
1.7834 40 60 g 
1.8466 40 60 g 
1.845 40 60 g 
1.821 40 60 g 
1.9007 40 60 g 
1.8803 40 60 g 
1.8314 40 60 g 
1.9138 50 70 g 
1.8798 50 70 g 
1.8878 50 70 g 
1.8222 50 70 g 
1.774 50 70 g 
1.895 50 70 g 
1.8872 50 70 g 
2.0021 60 80 g 
1.867 60 80 g 
1.8998 60 80 g 
1.8551 60 80 g 
1.9013 60 80 g 
2.0364 60 80 g 
1.8935 60 80 g 
1.8509 70 90 g 
2.0626 70 90 g 
1.998 70 90 g 
1.9939 70 90 g 
2.0564 70 90 g 
2.0536 70 90 g 
1.9122 70 90 g 
2.0585 80 100 g 
2.0682 80 100 g 
1.9884 80 100 g 
2.0654 80 100 g 
2.0696 80 100 g 
2.0978 80 100 g 
1.9247 80 100 g 
2.0503 90 110 g 
2.0399 90 110 g 
2.109 90 110 g 
2.1598 90 110 g 
2.2102 90 110 g 
2.1301 90 110 g 
2.1245 90 110 g 
