0.6402 50 15 s
0.6432 50 15 s
0.6456 50 15 s
0.6475 50 15 s
0.6456 50 15 s
0.6404 50 15 s
1.1994 60 15 s
1.1932 60 15 s
1.2045 60 15 s
1.1944 60 15 s
1.2003 60 15 s
1.2025 60 15 s
1.6954 70 15 s
1.6958 70 15 s
1.6977 70 15 s
1.7018 70 15 s
1.6916 70 15 s
1.7104 70 15 s
1.6926 70 15 s
2.1509 80 15 s
2.1424 80 15 s
2.184 80 15 s
2.138 80 15 s
2.147 80 15 s
2.1192 80 15 s
2.5679 90 15 s
2.5658 90 15 s
2.5776 90 15 s
2.5648 90 15 s
2.5588 90 15 s
2.5549 90 15 s
2.9387 100 15 s
2.9325 100 15 s
2.9418 100 15 s
2.9488 100 15 s
2.9436 100 15 s
2.9332 100 15 s
0.4582 50 30 s
0.455 50 30 s
0.4559 50 30 s
0.4576 50 30 s
0.4548 50 30 s
0.4546 50 30 s
0.4544 50 30 s
0.8472 60 30 s
0.8474 60 30 s
0.8458 60 30 s
0.8488 60 30 s
0.8478 60 30 s
0.8462 60 30 s
0.846 60 30 s
1.2001 70 30 s
1.1948 70 30 s
1.2006 70 30 s
1.2001 70 30 s
1.203 70 30 s
1.2038 70 30 s
1.2048 70 30 s
1.206 70 30 s
1.5156 80 30 s
1.5167 80 30 s
1.5239 80 30 s
1.5168 80 30 s
1.5184 80 30 s
1.52 80 30 s
1.5137 80 30 s
1.8182 90 30 s
1.8156 90 30 s
1.8252 90 30 s
1.8169 90 30 s
1.8132 90 30 s
1.811 90 30 s
1.8174 90 30 s
2.054 100 30 s
2.0859 100 30 s
2.093 100 30 s
2.0922 100 30 s
2.0853 100 30 s
2.0846 100 30 s
2.0912 100 30 s
2.0868 100 30 s
0.3714 50 45 s
0.3716 50 45 s
0.3722 50 45 s
0.3733 50 45 s
0.3732 50 45 s
0.3736 50 45 s
0.3739 50 45 s
0.6942 60 45 s
0.6916 60 45 s
0.6944 60 45 s
0.6916 60 45 s
0.6921 60 45 s
0.694 60 45 s
0.696 60 45 s
0.6924 60 45 s
0.9783 70 45 s
0.9767 70 45 s
0.9792 70 45 s
0.9806 70 45 s
0.9792 70 45 s
0.979 70 45 s
0.9809 70 45 s
0.9816 70 45 s
1.2415 80 45 s
1.2413 80 45 s
1.2423 80 45 s
1.24 80 45 s
1.2415 80 45 s
1.2384 80 45 s
1.24 80 45 s
1.4774 90 45 s
1.479 90 45 s
1.4834 90 45 s
1.4834 90 45 s
1.4872 90 45 s
1.488 90 45 s
1.484 90 45 s
1.4836 90 45 s
1.4873 90 45 s
1.7105 100 45 s
1.71 100 45 s
1.7085 100 45 s
1.7069 100 45 s
1.7092 100 45 s
1.7046 100 45 s
1.7087 100 45 s
1.706 100 45 s
0.3681 50 45 c
0.3682 50 45 c
0.368 50 45 c
0.3682 50 45 c
0.3674 50 45 c
0.3685 50 45 c
0.3678 50 45 c
0.3684 50 45 c
0.3676 50 45 c
0.6864 60 45 c
0.6852 60 45 c
0.6846 60 45 c
0.6852 60 45 c
0.6848 60 45 c
0.685 60 45 c
0.6842 60 45 c
0.6846 60 45 c
0.9676 70 45 c
0.9666 70 45 c
0.9736 70 45 c
0.9656 70 45 c
0.966 70 45 c
0.9652 70 45 c
0.9668 70 45 c
0.9666 70 45 c
0.9672 70 45 c
0.9669 70 45 c
1.1234 80 45 c
1.2224 80 45 c
1.2219 80 45 c
1.222 80 45 c
1.2232 80 45 c
1.2218 80 45 c
1.223 80 45 c
1.2231 80 45 c
1.2236 80 45 c
1.4612 90 45 c
1.462 90 45 c
1.4634 90 45 c
1.4624 90 45 c
1.4607 90 45 c
1.4602 90 45 c
1.4616 90 45 c
1.4618 90 45 c
1.4612 90 45 c
1.4624 90 45 c
1.4616 90 45 c
1.683 100 45 c
1.6796 100 45 c
1.68 100 45 c
1.6832 100 45 c
1.6834 100 45 c
1.6834 100 45 c
1.6842 100 45 c
1.6835 100 45 c
1.6818 100 45 c
1.6804 100 45 c
1.6838 100 45 c
