d
0.0625
s
27.2458
55.1434
82.7059
110.7049
138.6150
166.6354
194.3566
222.5000
250.6086
278.9611
s
27.3202
54.8410
82.5922
110.3145
137.9978
166.5000
194.1076
221.9656
249.6473
278.0728
s
27.2752
54.6480
82.2322
109.8507
137.4381
165.0990
192.8945
221.3646
248.0264
276.4197
s
26.847
53.860
81.247
108.492
135.819
163.156
190.509
217.959
245.214
272.822
s
26.601
53.542
80.300
107.266
134.511
161.526
188.746
215.799
243.066
270.384
d
0.07874
s
16.581
32.748
49.603
66.305
83.039
100.649
116.040
132.652
149.480
166.489
s
16.180
32.676
48.962
65.501
82.051
98.883
115.342
132.112
148.648
165.550
s
16.778
32.786
49.391
65.750
82.352
99.039
115.682
132.392
148.947
165.611
s
16.181
32.388
48.773
65.304
81.671
98.036
114.670
131.500
147.626
164.366
s
15.699
32.486
48.367
64.651
81.184
97.645
113.911
130.178
146.838
162.770
d
0.09375
s
11.732
23.773
35.993
47.965
59.702
71.990
84.112
96.222
108.672
120.893
s
11.848
23.852
35.677
47.735
59.694
71.952
83.820
96.000
107.841
120.148
s
11.812
23.608
35.667
47.688
59.498
71.463
83.548
95.643
107.666
119.920
s
11.747
23.507
35.620
47.331
59.159
70.999
82.967
94.944
106.953
119.010
s
11.732
23.451
35.340
47.163
59.075
70.900
82.747
94.698
106.704
118.717
d
0.125
s
6.222
12.626
19.027
25.658
32.145
38.628
45.143
51.607
58.084
64.786
s
6.297
12.600
19.021
25.515
32.009
38.405
44.931
51.356
57.907
64.528
s
6.012
12.500
18.919
25.376
31.808
38.180
44.840
51.199
57.742
64.244
s
6.198
12.577
18.916
25.184
31.450
37.937
44.456
50.801
57.289
63.831
s
6.136
12.358
18.833
25.065
31.564
38.052
44.288
50.726
57.187
63.631
d
0.1875
s
2.465
5.162
7.775
10.351
13.086
15.858
18.424
21.507
24.121
26.861
s
2.350
5.126
7.803
10.594
13.154
15.962
18.759
21.281
24.101
26.899
s
2.301
4.906
7.594
10.341
12.962
15.653
18.470
21.047
23.839
26.488
s
2.364
4.966
7.470
10.329
13.004
15.619
18.387
21.154
23.845
26.673
d
0.21875
s
1.064
2.906
4.684
6.539
8.445
10.334
12.145
14.012
15.851
17.671
s
0.826
2.862
4.536
6.540
8.291
10.111
11.906
13.681
15.594
17.566
s
1.040
2.882
4.668
6.602
8.343
10.218
12.117
13.849
15.692
17.547
s
1.141
2.847
4.741
6.545
8.239
10.206
12.185
14.012
15.877
17.774
s
1.020
2.816
4.593
6.461
8.342
10.094
11.927
13.837
15.680
17.612
d
0.25
s
0.111
1.406
2.596
3.992
5.096
6.598
7.908
9.149
10.517
11.844
s
0.071
1.404
2.705
4.000
5.260
6.593
7.844
9.167
10.548
11.804
s
0.043
1.379
2.747
3.989
5.271
6.575
7.829
9.093
10.423
11.737
s
0.051
1.289
2.600
3.934
5.264
6.451
7.778
9.057
10.336
11.701
s
0.069
1.374
2.730
3.993
5.339
6.587
7.886
9.133
10.445
11.867
d
0.28125
s
0.042
0.677
1.362
2.280
3.080
3.887
4.741
5.640
6.475
7.386
s
0.111
0.673
1.416
2.321
3.086
4.039
4.944
5.722
6.462
7.449
s
0.063
0.523
1.320
2.181
3.076
3.915
4.737
5.534
6.398
7.297
s
0.155
0.517
1.257
2.134
3.029
3.861
4.693
5.554
6.431
7.231
s
0.063
0.416
0.981
2.204
2.976
3.792
4.704
5.463
6.327
7.187
