0.64375 15.534 0.00300117
1.19905 18.0083 0.00445275
1.6979 20.0461 0.0064542
2.14692 22.2709 0.0212564
2.56497 23.9206 0.0078523
2.93977 26.6809 0.0062848
0.455786 21.9401 0.00153017
0.847029 25.5596 0.00109196
1.20165 28.1991 0.00354804
1.51787 31.6234 0.00332251
1.81679 33.4544 0.00448941
2.08413 37.4057 0.0126121
0.372743 26.8281 0.000999762
0.693287 31.1969 0.00159592
0.979438 34.9467 0.0015702
1.24071 38.2736 0.00132089
1.4837 41.1547 0.00363593
1.70805 44.5732 0.00204171
0.368022 27.1723 0.000363242
0.685 31.548 0.000659004
0.96721 35.4346 0.00235912
1.2116 40.9182 0.0330812
1.46168 39.9869 0.000879566
1.68251 45.2844 0.00162898
